10004
10220
10249
10223
10248
10023
10050
10175
10231
10265
10084
1012
10203
0
10047
10063
10140
10090
10156
10193
10001
10103
10013
10160
10134
10171
10154
10130
10102
10148
10152
10264
10243
10067
10157
10041
10269
10059
10073
10093
10128
10155
10167
10222
10077
10198
10025
10131
10068
10212
1010
10187
10033
10056
1011
10169
10098
10040
10153
10028
10216
10253
10197
10121
10096
10009
10111
10254
101
10074
10176
10120
10061
10172
10095
10051
10170
10100
10005
10034
10006
10252
10083
10032
10101
10020
10165
10188
10107
1000
10234
1003
10256
10144
1001
1018
1016
10109
10200
10081
10082
10199
10247
10206
10213
10232
10147
10251
10235
1002
10046
10267
10060
10195
10228
10142
10092
10179
10036
10091
1004
10166
10038
10173
10185
10116
10229
10215
10207
1020
10016
10240
10105
10261
10178
10225
10019
10163
10257
10089
100
1022
10075
10182
10255
10180
10184
10076
1023
10145
1007
10202
10164
10049
10262
1006
10236
10094
10151
1017
10266
10268
10250
10246
10132
10062
10054
10122
10029
10027
10114
10186
10226
10014
10192
10035
10210
10244
10012
10119
10126
10017
10045
10104
10007
10233
10052
10217
10078
10030
10196
10071
10129
1025
1019
10139
10108
10113
10136
10141
10125
10135
10204
10079
10241
10183
10008
10080
10072
10177
10208
1021
10043
10065
10044
10205
10037
10057
10201
10000
10088
10190
10227
10181
10149
10219
10003
10224
10259
10230
10085
10159
1009
10112
10127
10053
10133
10021
10124
1015
10191
10221
10064
10161
10042
10015
10039
10070
10097
10146
10158
10115
10239
10218
10137
10110
10011
10194
10018
10069
10058
10022
10211
10087
10123
10118
10099
10150
10024
10238
10138
10168
10048
1013
10026
1005
10242
10031
10174
10245
10260
10189
10237
10055
10214
10263
1008
1024
1014
10162
10143
10086
10106
10010
10258
10002
10066
1026
10209
10117
